ACO : [58.111111111111114, 144.36363636363635, 285.6363636363636, 407.8333333333333]
MOACO : [49.20657340676183, 129.82512687166937, 213.33333333333334, 323.0]
tasks : [10, 35, 60, 85]